-14.0487 -28.734 0 0
-16.8939 -32.8676 0.6 0
-19.7731 -37.8446 1.2 0
-26.3518 -44.5698 1.8 0
-35.3619 -52.0934 2.4 0
-51.5359 -59.9234 3 0
-60.9276 -79.6699 3.6 0
-5.49709 -29.598 0 0.6
-6.2037 -33.9115 0.6 0.6
-8.69227 -39.6128 1.2 0.6
-11.2783 -46.9999 1.8 0.6
-16.3409 -56.771 2.4 0.6
-26.976 -68.1928 3 0.6
-62.5436 -78.8745 3.6 0.6
3.85542 -29.2014 0 1.2
4.6682 -33.7389 0.6 1.2
5.58019 -39.5847 1.2 1.2
6.59529 -47.3713 1.8 1.2
9.53248 -57.5259 2.4 1.2
16.7221 -69.8486 3 1.2
49.3821 -82.6682 3.6 1.2
12.9975 -29.9556 0 1.8
15.0661 -33.2784 0.6 1.8
18.3558 -38.5802 1.2 1.8
23.1145 -45.4338 1.8 1.8
31.0641 -53.7974 2.4 1.8
47.9885 -63.2885 3.0 1.8
79.1476 -69.9774 3.6 1.8
21.5106 -27.9684 0 2.4
24.8053 -31.9414 0.6 2.4
29.382 -36.4345 1.2 2.4
36.4243 -41.8689 1.8 2.4
46.2723 -48.071 2.4 2.4
61.1731 -53.9394 3.0 2.4
83.5708 -57.9844 3.6 2.4
28.9077 -26.4781 0 3.0
33.0953 -29.4142 0.6 3.0
38.7471 -33.5386 1.2 3.0
46.4166 -37.5324 1.8 3.0
55.7849 -41.9945 2.4 3.0
68.9726 -46.2954 3.0 3.0
84.559 -48.3271 3.6 3.0
