-13.7954 -28.4961 0 0
-15.7439 -32.6972 0.6 0
-19.8489 -38.1428 1.2 0
-24.5381 -44.2014 1.8 0
-34.0872 -52.1414 2.4 0
-49.3421 -60.3372 3 0
-76.2632 -65.6275 3.6 0
-5.24496 -29.2607 0 0.6
-6.92761 -34.0353 0.6 0.6
-7.97489 -39.525 1.2 0.6
-10.3933 -47.4581 1.8 0.6
-15.3269 -56.6283 2.4 0.6
-25.3667 -68.5234 3 0.6
-43.5083 -80.7022 3.6 0.6
4.05178 -29.5147 0 1.2
4.84085 -32.0405 0.6 1.2
5.61231 -39.0628 1.2 1.2
6.8459 -47.5017 1.8 1.2
7.89104 -57.5588 2.4 1.2
14.5061 -70.1618 3 1.2
39.9961 -83.839 3.6 1.2
12.3078 -32.0711 0 1.8
14.8503 -33.193 0.6 1.8
35.4589 -19.4902 1.2 1.8
18.2575 -38.745 1.8 1.8
22.7614 -45.5802 2.4 1.8
30.9555 -53.8486 3 1.8
45.9478 -63.6744 3.6 1.8
23.3218 -25.9614 0 2.4
24.4009 -31.7721 0.6 2.4
28.5776 -36.6062 1.2 2.4
35.3362 -42.069 1.8 2.4
45.4722 -48.6128 2.4 2.4
61.5228 -54.6885 3 2.4
82.5158 -58.7967 3.6 2.4
29.059 -26.6522 0 3
32.9409 -29.9711 0.6 3
37.9248 -33.769 1.2 3
45.5102 -37.9602 1.8 3
56.3326 -42.4749 2.4 3
69.3208 -46.2721 3 3
85.7098 -48.5956 3.6 3
35.748 -25.1017 0 3.6
40.7366 -16.3882 0.6 3.6
45.8683 -30.8987 1.2 3.6
53.3703 -34.01 1.8 3.6
62.8131 -36.8889 2.4 3.6
73.9827 -39.6435 3 3.6
86.7411 -41.1351 3.6 3.6
